warfarin.mdvpk.0 <- structure(list(ID = c(100L, 100L, 100L, 100L, 100L, 100L, 100L, 
100L, 100L, 100L, 100L, 1L, 1L, 1L, 1L, 1L, 1L, 2L, 2L, 2L, 2L, 
2L, 2L, 2L, 2L, 2L, 2L, 2L, 3L, 3L, 3L, 3L, 3L, 3L, 3L, 3L, 3L, 
4L, 4L, 4L, 4L, 4L, 4L, 4L, 4L, 4L, 4L, 5L, 5L, 5L, 5L, 5L, 5L, 
5L, 5L, 6L, 6L, 6L, 6L, 6L, 6L, 6L, 6L, 6L, 7L, 7L, 7L, 7L, 7L, 
7L, 7L, 7L, 7L, 7L, 7L, 8L, 8L, 8L, 8L, 8L, 8L, 8L, 8L, 8L, 8L, 
8L, 8L, 8L, 8L, 8L, 8L, 8L, 9L, 9L, 9L, 9L, 9L, 9L, 11L, 11L, 
11L, 11L, 11L, 11L, 11L, 11L, 11L, 11L, 12L, 12L, 12L, 12L, 12L, 
12L, 12L, 12L, 12L, 12L, 13L, 13L, 13L, 13L, 13L, 13L, 13L, 13L, 
13L, 13L, 14L, 14L, 14L, 14L, 14L, 14L, 14L, 14L, 14L, 14L, 14L, 
15L, 15L, 15L, 15L, 15L, 15L, 15L, 15L, 15L, 15L, 16L, 16L, 16L, 
16L, 16L, 16L, 17L, 17L, 17L, 17L, 17L, 17L, 18L, 18L, 18L, 18L, 
18L, 18L, 19L, 19L, 19L, 19L, 19L, 19L, 20L, 20L, 20L, 20L, 20L, 
20L, 21L, 21L, 21L, 21L, 21L, 21L, 22L, 22L, 22L, 22L, 22L, 22L, 
23L, 23L, 23L, 23L, 23L, 23L, 24L, 24L, 24L, 24L, 24L, 24L, 25L, 
25L, 25L, 25L, 25L, 25L, 26L, 26L, 26L, 26L, 26L, 26L, 27L, 27L, 
27L, 27L, 27L, 27L, 28L, 28L, 28L, 28L, 28L, 28L, 29L, 29L, 29L, 
29L, 29L, 29L, 30L, 30L, 30L, 30L, 30L, 30L, 31L, 31L, 31L, 31L, 
31L, 31L, 32L, 32L, 32L, 32L, 32L, 32L), TIME = c(0.5, 1, 2, 
3, 6, 9, 12, 24, 36, 48, 72, 24, 36, 48, 72, 96, 120, 0.5, 2, 
3, 6, 12, 24, 36, 48, 72, 96, 120, 3, 6, 9, 24, 36, 48, 72, 96, 
120, 3, 6, 9, 12, 24, 36, 48, 72, 96, 120, 6, 12, 24, 36, 48, 
72, 96, 120, 3, 6, 9, 12, 24, 36, 48, 72, 96, 2, 3, 6, 9, 12, 
24, 36, 48, 72, 96, 120, 0.5, 1, 2, 3, 3, 6, 6, 9, 9, 12, 12, 
24, 36, 48, 72, 96, 120, 24, 36, 48, 72, 96, 120, 1.5, 3, 6, 
12, 24, 36, 48, 72, 96, 120, 1.5, 3, 6, 9, 24, 36, 48, 72, 96, 
120, 1.5, 3, 6, 9, 24, 36, 48, 72, 96, 120, 0.5, 1, 2, 3, 6, 
9, 24, 36, 48, 72, 96, 1, 3, 6, 9, 24, 36, 48, 72, 96, 120, 24, 
36, 48, 72, 96, 120, 24, 36, 48, 72, 96, 120, 24, 36, 48, 72, 
96, 120, 24, 36, 48, 72, 96, 120, 24, 36, 48, 72, 96, 120, 24, 
36, 48, 72, 96, 120, 24, 36, 48, 72, 96, 120, 24, 36, 48, 72, 
96, 120, 24, 36, 48, 72, 96, 120, 24, 36, 48, 72, 96, 120, 24, 
36, 48, 72, 96, 120, 24, 36, 48, 72, 96, 120, 24, 36, 48, 72, 
96, 120, 24, 36, 48, 72, 96, 120, 24, 36, 48, 72, 96, 120, 24, 
36, 48, 72, 96, 120, 24, 36, 48, 72, 96, 120), WEIGHT = c(66.7, 
66.7, 66.7, 66.7, 66.7, 66.7, 66.7, 66.7, 66.7, 66.7, 66.7, 66.7, 
66.7, 66.7, 66.7, 66.7, 66.7, 66.7, 66.7, 66.7, 66.7, 66.7, 66.7, 
66.7, 66.7, 66.7, 66.7, 66.7, 80, 80, 80, 80, 80, 80, 80, 80, 
80, 40, 40, 40, 40, 40, 40, 40, 40, 40, 40, 75.3, 75.3, 75.3, 
75.3, 75.3, 75.3, 75.3, 75.3, 60, 60, 60, 60, 60, 60, 60, 60, 
60, 90, 90, 90, 90, 90, 90, 90, 90, 90, 90, 90, 50, 50, 50, 50, 
50, 50, 50, 50, 50, 50, 50, 50, 50, 50, 50, 50, 50, 70, 70, 70, 
70, 70, 70, 82, 82, 82, 82, 82, 82, 82, 82, 82, 82, 75.3, 75.3, 
75.3, 75.3, 75.3, 75.3, 75.3, 75.3, 75.3, 75.3, 75.3, 75.3, 75.3, 
75.3, 75.3, 75.3, 75.3, 75.3, 75.3, 75.3, 50, 50, 50, 50, 50, 
50, 50, 50, 50, 50, 50, 56.7, 56.7, 56.7, 56.7, 56.7, 56.7, 56.7, 
56.7, 56.7, 56.7, 58, 58, 58, 58, 58, 58, 78, 78, 78, 78, 78, 
78, 74.7, 74.7, 74.7, 74.7, 74.7, 74.7, 63.7, 63.7, 63.7, 63.7, 
63.7, 63.7, 59, 59, 59, 59, 59, 59, 62, 62, 62, 62, 62, 62, 58, 
58, 58, 58, 58, 58, 73.3, 73.3, 73.3, 73.3, 73.3, 73.3, 76.7, 
76.7, 76.7, 76.7, 76.7, 76.7, 74.7, 74.7, 74.7, 74.7, 74.7, 74.7, 
80, 80, 80, 80, 80, 80, 80, 80, 80, 80, 80, 80, 80, 80, 80, 80, 
80, 80, 102, 102, 102, 102, 102, 102, 70, 70, 70, 70, 70, 70, 
83.3, 83.3, 83.3, 83.3, 83.3, 83.3, 62, 62, 62, 62, 62, 62), 
    AGE = c(50L, 50L, 50L, 50L, 50L, 50L, 50L, 50L, 50L, 50L, 
    50L, 50L, 50L, 50L, 50L, 50L, 50L, 31L, 31L, 31L, 31L, 31L, 
    31L, 31L, 31L, 31L, 31L, 31L, 40L, 40L, 40L, 40L, 40L, 40L, 
    40L, 40L, 40L, 46L, 46L, 46L, 46L, 46L, 46L, 46L, 46L, 46L, 
    46L, 43L, 43L, 43L, 43L, 43L, 43L, 43L, 43L, 36L, 36L, 36L, 
    36L, 36L, 36L, 36L, 36L, 36L, 41L, 41L, 41L, 41L, 41L, 41L, 
    41L, 41L, 41L, 41L, 41L, 27L, 27L, 27L, 27L, 27L, 27L, 27L, 
    27L, 27L, 27L, 27L, 27L, 27L, 27L, 27L, 27L, 27L, 28L, 28L, 
    28L, 28L, 28L, 28L, 31L, 31L, 31L, 31L, 31L, 31L, 31L, 31L, 
    31L, 31L, 32L, 32L, 32L, 32L, 32L, 32L, 32L, 32L, 32L, 32L, 
    63L, 63L, 63L, 63L, 63L, 63L, 63L, 63L, 63L, 63L, 36L, 36L, 
    36L, 36L, 36L, 36L, 36L, 36L, 36L, 36L, 36L, 27L, 27L, 27L, 
    27L, 27L, 27L, 27L, 27L, 27L, 27L, 22L, 22L, 22L, 22L, 22L, 
    22L, 28L, 28L, 28L, 28L, 28L, 28L, 31L, 31L, 31L, 31L, 31L, 
    31L, 22L, 22L, 22L, 22L, 22L, 22L, 22L, 22L, 22L, 22L, 22L, 
    22L, 27L, 27L, 27L, 27L, 27L, 27L, 22L, 22L, 22L, 22L, 22L, 
    22L, 22L, 22L, 22L, 22L, 22L, 22L, 35L, 35L, 35L, 35L, 35L, 
    35L, 23L, 23L, 23L, 23L, 23L, 23L, 23L, 23L, 23L, 23L, 23L, 
    23L, 22L, 22L, 22L, 22L, 22L, 22L, 22L, 22L, 22L, 22L, 22L, 
    22L, 22L, 22L, 22L, 22L, 22L, 22L, 23L, 23L, 23L, 23L, 23L, 
    23L, 24L, 24L, 24L, 24L, 24L, 24L, 21L, 21L, 21L, 21L, 21L, 
    21L), SEX = c(1L, 1L, 1L, 1L, 1L, 1L, 1L, 1L, 1L, 1L, 1L, 
    1L, 1L, 1L, 1L, 1L, 1L, 1L, 1L, 1L, 1L, 1L, 1L, 1L, 1L, 1L, 
    1L, 1L, 1L, 1L, 1L, 1L, 1L, 1L, 1L, 1L, 1L, 0L, 0L, 0L, 0L, 
    0L, 0L, 0L, 0L, 0L, 0L, 1L, 1L, 1L, 1L, 1L, 1L, 1L, 1L, 0L, 
    0L, 0L, 0L, 0L, 0L, 0L, 0L, 0L, 1L, 1L, 1L, 1L, 1L, 1L, 1L, 
    1L, 1L, 1L, 1L, 0L, 0L, 0L, 0L, 0L, 0L, 0L, 0L, 0L, 0L, 0L, 
    0L, 0L, 0L, 0L, 0L, 0L, 1L, 1L, 1L, 1L, 1L, 1L, 1L, 1L, 1L, 
    1L, 1L, 1L, 1L, 1L, 1L, 1L, 1L, 1L, 1L, 1L, 1L, 1L, 1L, 1L, 
    1L, 1L, 1L, 1L, 1L, 1L, 1L, 1L, 1L, 1L, 1L, 1L, 0L, 0L, 0L, 
    0L, 0L, 0L, 0L, 0L, 0L, 0L, 0L, 0L, 0L, 0L, 0L, 0L, 0L, 0L, 
    0L, 0L, 0L, 1L, 1L, 1L, 1L, 1L, 1L, 1L, 1L, 1L, 1L, 1L, 1L, 
    1L, 1L, 1L, 1L, 1L, 1L, 1L, 1L, 1L, 1L, 1L, 1L, 1L, 1L, 1L, 
    1L, 1L, 1L, 1L, 1L, 1L, 1L, 1L, 1L, 1L, 1L, 1L, 1L, 1L, 1L, 
    1L, 1L, 1L, 1L, 1L, 1L, 1L, 1L, 1L, 1L, 1L, 1L, 1L, 1L, 1L, 
    1L, 1L, 1L, 1L, 1L, 1L, 1L, 1L, 1L, 1L, 1L, 1L, 1L, 1L, 1L, 
    1L, 1L, 1L, 1L, 1L, 1L, 1L, 1L, 1L, 1L, 1L, 1L, 1L, 1L, 1L, 
    1L, 1L, 1L, 1L, 1L, 1L, 1L, 1L, 1L, 1L, 1L, 1L, 1L, 1L, 1L
    ), CMT = c(2L, 2L, 2L, 2L, 2L, 2L, 2L, 2L, 2L, 2L, 2L, 2L, 
    2L, 2L, 2L, 2L, 2L, 2L, 2L, 2L, 2L, 2L, 2L, 2L, 2L, 2L, 2L, 
    2L, 2L, 2L, 2L, 2L, 2L, 2L, 2L, 2L, 2L, 2L, 2L, 2L, 2L, 2L, 
    2L, 2L, 2L, 2L, 2L, 2L, 2L, 2L, 2L, 2L, 2L, 2L, 2L, 2L, 2L, 
    2L, 2L, 2L, 2L, 2L, 2L, 2L, 2L, 2L, 2L, 2L, 2L, 2L, 2L, 2L, 
    2L, 2L, 2L, 2L, 2L, 2L, 2L, 2L, 2L, 2L, 2L, 2L, 2L, 2L, 2L, 
    2L, 2L, 2L, 2L, 2L, 2L, 2L, 2L, 2L, 2L, 2L, 2L, 2L, 2L, 2L, 
    2L, 2L, 2L, 2L, 2L, 2L, 2L, 2L, 2L, 2L, 2L, 2L, 2L, 2L, 2L, 
    2L, 2L, 2L, 2L, 2L, 2L, 2L, 2L, 2L, 2L, 2L, 2L, 2L, 2L, 2L, 
    2L, 2L, 2L, 2L, 2L, 2L, 2L, 2L, 2L, 2L, 2L, 2L, 2L, 2L, 2L, 
    2L, 2L, 2L, 2L, 2L, 2L, 2L, 2L, 2L, 2L, 2L, 2L, 2L, 2L, 2L, 
    2L, 2L, 2L, 2L, 2L, 2L, 2L, 2L, 2L, 2L, 2L, 2L, 2L, 2L, 2L, 
    2L, 2L, 2L, 2L, 2L, 2L, 2L, 2L, 2L, 2L, 2L, 2L, 2L, 2L, 2L, 
    2L, 2L, 2L, 2L, 2L, 2L, 2L, 2L, 2L, 2L, 2L, 2L, 2L, 2L, 2L, 
    2L, 2L, 2L, 2L, 2L, 2L, 2L, 2L, 2L, 2L, 2L, 2L, 2L, 2L, 2L, 
    2L, 2L, 2L, 2L, 2L, 2L, 2L, 2L, 2L, 2L, 2L, 2L, 2L, 2L, 2L, 
    2L, 2L, 2L, 2L, 2L, 2L, 2L, 2L, 2L, 2L, 2L, 2L, 2L, 2L), 
    AMT = c(0, 0, 0, 0, 0, 0, 0, 0, 0, 0, 0, 0, 0, 0, 0, 0, 0, 
    0, 0, 0, 0, 0, 0, 0, 0, 0, 0, 0, 0, 0, 0, 0, 0, 0, 0, 0, 
    0, 0, 0, 0, 0, 0, 0, 0, 0, 0, 0, 0, 0, 0, 0, 0, 0, 0, 0, 
    0, 0, 0, 0, 0, 0, 0, 0, 0, 0, 0, 0, 0, 0, 0, 0, 0, 0, 0, 
    0, 0, 0, 0, 0, 0, 0, 0, 0, 0, 0, 0, 0, 0, 0, 0, 0, 0, 0, 
    0, 0, 0, 0, 0, 0, 0, 0, 0, 0, 0, 0, 0, 0, 0, 0, 0, 0, 0, 
    0, 0, 0, 0, 0, 0, 0, 0, 0, 0, 0, 0, 0, 0, 0, 0, 0, 0, 0, 
    0, 0, 0, 0, 0, 0, 0, 0, 0, 0, 0, 0, 0, 0, 0, 0, 0, 0, 0, 
    0, 0, 0, 0, 0, 0, 0, 0, 0, 0, 0, 0, 0, 0, 0, 0, 0, 0, 0, 
    0, 0, 0, 0, 0, 0, 0, 0, 0, 0, 0, 0, 0, 0, 0, 0, 0, 0, 0, 
    0, 0, 0, 0, 0, 0, 0, 0, 0, 0, 0, 0, 0, 0, 0, 0, 0, 0, 0, 
    0, 0, 0, 0, 0, 0, 0, 0, 0, 0, 0, 0, 0, 0, 0, 0, 0, 0, 0, 
    0, 0, 0, 0, 0, 0, 0, 0, 0, 0, 0, 0, 0, 0, 0, 0, 0, 0, 0, 
    0, 0, 0, 0, 0, 0),